0  0
0.00246127  0.012
0.00492255  0.024
0.00738382  0.036
0.00984509  0.048
0.0123064  0.06
0.0147676  0.072
0.0172289  0.084
0.0196902  0.096
0.0221515  0.108
0.0246127  0.12
0.027074  0.132
0.0295353  0.144
0.0319966  0.156
0.0344578  0.168
0.0369191  0.18
0.0393804  0.192
0.0418416  0.204
0.0443029  0.216
0.0467642  0.228
0.0492255  0.24
0.0516867  0.252
0.054148  0.264
0.0566093  0.276
0.0590706  0.288
0.0615318  0.3
0.0639931  0.312
0.0664544  0.324
0.0689157  0.336
0.0713769  0.348
0.0738382  0.36
0.0762995  0.372
0.0787607  0.384
0.081222  0.396
0.0836833  0.408
0.0861446  0.42
0.0886058  0.432
0.0910671  0.444
0.0935284  0.456
0.0959897  0.468
0.0984509  0.48
0.100912  0.492
0.103373  0.504
0.105835  0.516
0.108296  0.528
0.110757  0.54
0.113219  0.552
0.11568  0.564
0.118141  0.576
0.120602  0.588
0.123064  0.6
0.125525  0.612
0.127986  0.624
0.130447  0.636
0.132909  0.648
0.13537  0.66
0.137831  0.672
0.140293  0.684
0.142754  0.696
0.145215  0.708
0.147676  0.72
0.150138  0.732
0.152599  0.744
0.15506  0.756
0.157521  0.768
0.159983  0.78
0.162444  0.792
0.164905  0.804
0.167367  0.816
0.169828  0.828
0.172289  0.84
0.17475  0.852
0.177212  0.864
0.179673  0.876
0.182134  0.888
0.184596  0.9
0.187057  0.912
0.189518  0.924
0.191979  0.936
0.194441  0.948
0.196902  0.96
0.199363  0.972
0.201824  0.984
0.204286  0.996
0.206747  1.008
0.206747  1.008
0.207747  1.021
0.208747  1.034
0.209747  1.047
0.210747  1.06
0.211747  1.073
0.212747  1.086
0.213747  1.099
0.213747  1.099
0.214747  1.112
0.215747  1.125
0.216747  1.138
0.217747  1.151
0.218747  1.164
0.219747  1.177
0.220747  1.19
0.221747  1.203
0.222747  1.216
0.223747  1.229
0.224747  1.242
0.225747  1.255
0.226747  1.268
0.227747  1.281
0.228747  1.294
0.229747  1.307
0.230747  1.32
0.231747  1.333
0.232747  1.346
0.233747  1.359
0.234747  1.372
0.235747  1.385
0.236747  1.398
0.237747  1.411
0.238747  1.424
0.239747  1.437
0.240747  1.45
0.241747  1.463
0.242747  1.476
0.243747  1.489
0.244747  1.502
0.245747  1.515
0.246747  1.528
0.247747  1.541
0.248747  1.554
0.249747  1.567
0.250747  1.58
0.251747  1.593
0.252747  1.606
0.253747  1.619
0.254747  1.632
0.255747  1.645
0.256747  1.658
0.257747  1.671
0.258747  1.684
0.259747  1.697
0.260747  1.71
0.261747  1.723
0.262747  1.736
0.263747  1.749
0.264747  1.762
0.265747  1.775
0.266747  1.788
0.267747  1.801
0.268747  1.814
0.269747  1.827
0.270747  1.84
0.271747  1.853
0.272747  1.866
0.273747  1.879
0.274747  1.892
0.275747  1.905
0.276747  1.918
0.277747  1.931
0.278747  1.944
0.279747  1.957
0.280747  1.97
0.281747  1.983
0.282747  1.996
0.283747  2.009
0.283747  2.009
0.296747  2.011
0.309747  2.013
0.322747  2.015
0.335747  2.017
0.348747  2.019
0.361747  2.021
0.374747  2.023
0.387747  2.025
0.400747  2.027
0.413747  2.029
0.426747  2.031
0.439747  2.033
0.452747  2.035
0.465747  2.037
0.465747  2.037
0.478747  2.039
0.491747  2.041
0.504747  2.043
0.517747  2.045
0.530747  2.047
0.543747  2.049
0.556747  2.051
0.569747  2.053
0.582747  2.055
0.595747  2.057
0.608747  2.059
0.621747  2.061
0.634747  2.063
0.647747  2.065
0.660747  2.067
0.673747  2.069
0.686747  2.071
0.699747  2.073
0.712747  2.075
0.725747  2.077
0.738747  2.079
0.751747  2.081
0.764747  2.083
0.777747  2.085
0.790747  2.087
0.803747  2.089
0.816747  2.091
0.829747  2.093
0.842747  2.095
0.842747  2.095
0.855747  2.097
0.868747  2.099
0.881747  2.101
0.894747  2.103
0.907747  2.105
0.920747  2.107
0.933747  2.109
0.933747  2.109
0.946747  2.111
0.959747  2.113
0.972747  2.115
0.985747  2.117
0.998747  2.119
1.01175  2.121
1.01175  2.121
1.01475  2.111
1.01775  2.101
1.02075  2.091
1.02375  2.081
1.02675  2.071
1.02975  2.061
1.03275  2.051
1.03575  2.041
1.03875  2.031
1.04175  2.021
1.04475  2.011
1.04775  2.001
1.05075  1.991
1.05075  1.991
