+---------------+--------------+--------------+--------------------+--------------------+
| Property name | #Experiments | #Refinements |    XSpeed_Time     |    Overall_time    |
+---------------+--------------+--------------+--------------------+--------------------+
|   NAV_3_2_P2  |              |              |                    |                    |
|               |      1       |      0       | 0.6718959808349609 | 3.0942821502685547 |
|               |      2       |      0       | 0.6184985637664795 | 3.056004285812378  |
|               |      3       |      0       | 0.6616032123565674 | 3.1101605892181396 |
|               |      4       |      0       | 0.7043101787567139 | 3.124387264251709  |
|               |      5       |      1       |  0.69687819480896  | 6.708909273147583  |
|               |      6       |      0       | 0.6421806812286377 | 3.0750539302825928 |
|               |      7       |      0       | 0.6558449268341064 | 3.0966670513153076 |
|               |      8       |      0       | 0.6787915229797363 | 3.0823769569396973 |
|               |      9       |      0       | 0.6510117053985596 | 3.072096824645996  |
|               |      10      |      0       | 0.6794657707214355 | 13.117361783981323 |
|               |      11      |      0       | 0.6572248935699463 | 3.085648775100708  |
|               |      12      |      0       | 0.7091443538665771 | 3.1842801570892334 |
|               |      13      |      0       | 0.644646167755127  | 3.0905940532684326 |
|               |      14      |      0       | 0.653968334197998  | 3.0906269550323486 |
|               |      15      |      0       | 0.681466817855835  |  13.1382474899292  |
|               |      16      |      0       | 0.6615667343139648 | 3.081921100616455  |
|               |      17      |      0       | 0.678839921951294  | 3.1330056190490723 |
|               |      18      |      0       | 0.6519341468811035 | 3.0896034240722656 |
|               |      19      |      0       | 0.6695430278778076 | 3.0982441902160645 |
|               |      20      |      0       | 0.6932840347290039 | 3.089346408843994  |
|               |      21      |      0       | 0.6631777286529541 | 13.10748815536499  |
|               |      22      |      0       | 0.6461198329925537 | 13.049448013305664 |
|               |      23      |      0       | 0.6390883922576904 | 13.046484231948853 |
|               |      24      |      0       | 0.6759068965911865 | 3.0907137393951416 |
|               |      25      |      0       | 0.6960556507110596 | 3.1434268951416016 |
|               |      26      |      0       | 0.6763937473297119 | 3.0998058319091797 |
|               |      27      |      0       | 0.6838798522949219 | 3.0873281955718994 |
|               |      28      |      0       | 0.6224203109741211 | 3.052062749862671  |
|               |      29      |      0       | 0.6265413761138916 | 13.036514520645142 |
|               |      30      |      0       | 0.6228058338165283 | 13.048158884048462 |
|               |      31      |      0       | 0.6772251129150391 | 3.064544200897217  |
|               |      32      |      0       | 0.6910123825073242 | 3.271378755569458  |
|               |      33      |      0       | 0.7009475231170654 | 13.231146574020386 |
|               |      34      |      0       | 0.6248342990875244 | 3.1385695934295654 |
|               |      35      |      0       | 0.6818151473999023 | 3.1716713905334473 |
|               |      36      |      0       | 0.6721193790435791 | 13.138280630111694 |
|               |      37      |      0       | 0.6641421318054199 | 3.098290205001831  |
|               |      38      |      0       | 0.6838595867156982 | 3.1678812503814697 |
|               |      39      |      0       | 0.6614086627960205 |  3.12652325630188  |
|               |      40      |      0       | 0.6967582702636719 | 3.287572145462036  |
|               |      41      |      0       | 0.6776502132415771 | 3.1416592597961426 |
|               |      42      |      0       | 0.6654276847839355 | 3.0682852268218994 |
|               |      43      |      0       | 0.6535959243774414 | 3.044675588607788  |
|               |      44      |      0       | 0.6834502220153809 | 3.1675117015838623 |
|               |      45      |      0       | 0.6460883617401123 | 3.1235804557800293 |
|               |      46      |      0       | 0.6461520195007324 | 3.1044585704803467 |
|               |      47      |      0       | 0.670785665512085  | 13.092587947845459 |
|               |      48      |      0       | 0.6455974578857422 | 3.040356159210205  |
|               |      49      |      0       | 0.6124696731567383 | 3.044543504714966  |
|               |      50      |      0       |   0.648193359375   | 3.086646318435669  |
|               |      51      |      0       | 0.6668758392333984 | 3.0998027324676514 |
|               |      52      |      0       | 0.6579983234405518 | 3.0985825061798096 |
|               |      53      |      0       | 0.6538598537445068 | 3.077611207962036  |
|               |      54      |      0       | 0.6337580680847168 | 13.048773765563965 |
|               |      55      |      0       | 0.6802356243133545 | 3.0884628295898438 |
|               |      56      |      0       | 0.6299467086791992 | 3.0512731075286865 |
|               |      57      |      0       | 0.6895034313201904 | 3.1097500324249268 |
|               |      58      |      0       | 0.6760625839233398 | 3.171584367752075  |
|               |      59      |      0       | 0.6735231876373291 | 3.186652898788452  |
|               |      60      |      0       |  0.64809250831604  | 3.151043176651001  |
|               |      61      |      0       | 0.6574723720550537 |  3.1043860912323   |
|               |      62      |      0       | 0.6257109642028809 | 3.0557775497436523 |
|               |      63      |      0       | 0.6903047561645508 | 3.100123405456543  |
|               |      64      |      0       | 0.6100716590881348 | 3.033853530883789  |
|               |      65      |      0       | 0.681797981262207  | 3.1230485439300537 |
|               |      66      |      0       | 0.6256427764892578 | 13.015942096710205 |
|               |      67      |      0       | 0.6555807590484619 | 3.0926380157470703 |
|               |      68      |      0       | 0.7056820392608643 | 3.118001937866211  |
|               |      69      |      0       | 0.6491470336914062 | 3.088913679122925  |
|               |      70      |      0       | 0.6222150325775146 | 3.0610554218292236 |
|               |      71      |      1       | 0.6579585075378418 | 16.507628440856934 |
|               |      72      |      0       | 0.6242973804473877 | 13.038438320159912 |
|               |      73      |      0       | 0.6430037021636963 | 13.065913677215576 |
|               |      74      |      0       | 0.6191728115081787 | 3.0355782508850098 |
|               |      75      |      0       | 0.6321611404418945 | 3.0400819778442383 |
|               |      76      |      0       | 0.6445789337158203 | 3.0217506885528564 |
|               |      77      |      0       | 0.6931757926940918 | 3.1240224838256836 |
|               |      78      |      0       | 0.6546216011047363 | 3.0784265995025635 |
|               |      79      |      0       | 0.6386921405792236 | 3.0591723918914795 |
|               |      80      |      0       | 0.6322736740112305 | 3.0710031986236572 |
|               |      81      |      0       | 0.6434409618377686 | 3.088505983352661  |
|               |      82      |      0       | 0.6703200340270996 | 3.1226675510406494 |
|               |      83      |      0       | 0.7201573848724365 | 3.1664962768554688 |
|               |      84      |      0       | 0.6519229412078857 | 3.0729761123657227 |
|               |      85      |      0       | 0.649627685546875  | 3.046757698059082  |
|               |      86      |      1       |  0.64198899269104  | 6.501830339431763  |
|               |      87      |      0       | 0.6688406467437744 | 3.085270881652832  |
|               |      88      |      1       | 0.6358931064605713 | 6.442310333251953  |
|               |      89      |      0       | 0.6684050559997559 | 3.069197177886963  |
|               |      90      |      0       | 0.6686179637908936 | 3.1128885746002197 |
|               |      91      |      0       | 0.6825244426727295 | 3.1352524757385254 |
|               |      92      |      0       | 0.642458438873291  | 3.065671920776367  |
|               |      93      |      0       | 0.6253092288970947 | 3.0546839237213135 |
|               |      94      |      0       | 0.6312334537506104 | 3.0689523220062256 |
|               |      95      |      0       | 0.6129605770111084 |  3.03899884223938  |
|               |      96      |      0       | 0.6393470764160156 | 3.0581889152526855 |
|               |      97      |      0       | 0.6486034393310547 | 3.071751356124878  |
|               |      98      |      0       | 0.6248881816864014 | 3.025700092315674  |
|               |      99      |      1       | 0.701380729675293  | 16.54632806777954  |
|               |     100      |      0       | 0.6495528221130371 | 3.159745931625366  |
|   NAV_3_2_P2  |              | Average time | 0.6586996912956238 | 4.868451724052429  |
|               |              |              |                    |                    |
+---------------+--------------+--------------+--------------------+--------------------++---------------+--------------+--------------+--------------------+--------------------+
| Property name | #Experiments | #Refinements |    XSpeed_Time     |    Overall_time    |
+---------------+--------------+--------------+--------------------+--------------------+
|   NAV_3_3_P1  |              |              |                    |                    |
|               |      1       |      0       | 0.7473130226135254 | 3.2673451900482178 |
|               |      2       |      0       | 0.7411208152770996 | 3.2104597091674805 |
|               |      3       |      0       | 0.7651395797729492 | 3.244539499282837  |
|               |      4       |      0       | 0.726001501083374  | 3.1816253662109375 |
|               |      5       |      0       | 0.7343356609344482 | 3.2089645862579346 |
|               |      6       |      0       | 0.7358977794647217 | 3.225543737411499  |
|               |      7       |      0       | 0.7252342700958252 | 3.1908607482910156 |
|               |      8       |      0       | 0.7312576770782471 | 13.195701837539673 |
|               |      9       |      0       | 0.7575640678405762 |  3.25803279876709  |
|               |      10      |      0       | 0.791548490524292  |  3.28326153755188  |
|               |      11      |      0       | 0.7541322708129883 | 3.239649534225464  |
|               |      12      |      0       | 0.7706592082977295 | 13.214802503585815 |
|               |      13      |      0       | 0.7495160102844238 | 3.2265026569366455 |
|               |      14      |      0       | 0.7445638179779053 | 3.246138334274292  |
|               |      15      |      0       | 0.7366197109222412 | 3.216921806335449  |
|               |      16      |      0       | 0.7732927799224854 | 3.2874526977539062 |
|               |      17      |      0       | 0.7017226219177246 | 3.166550397872925  |
|               |      18      |      0       | 0.7024626731872559 | 13.185402870178223 |
|               |      19      |      0       | 0.741457462310791  | 3.2716164588928223 |
|               |      20      |      0       | 0.7288093566894531 | 3.167623281478882  |
|               |      21      |      1       | 0.7540044784545898 |  7.35689377784729  |
|               |      22      |      0       | 0.7347955703735352 | 3.2279553413391113 |
|               |      23      |      0       | 0.7989635467529297 | 3.3178958892822266 |
|               |      24      |      0       | 0.7597651481628418 | 3.3094820976257324 |
|               |      25      |      0       | 0.7167160511016846 | 3.2298357486724854 |
|               |      26      |      0       | 0.7157406806945801 | 3.189234972000122  |
|               |      27      |      0       | 0.7121386528015137 | 3.183361053466797  |
|               |      28      |      0       | 0.823495626449585  | 3.3197426795959473 |
|               |      29      |      0       | 0.8083035945892334 | 3.3279340267181396 |
|               |      30      |      0       | 0.7793915271759033 | 3.3220784664154053 |
|               |      31      |      0       | 0.7512071132659912 |  3.23101544380188  |
|               |      32      |      0       | 0.7354927062988281 | 3.2169737815856934 |
|               |      33      |      0       | 0.791593074798584  | 3.3061556816101074 |
|               |      34      |      0       | 0.8015778064727783 | 13.37199068069458  |
|               |      35      |      0       | 0.8038687705993652 | 3.3045027256011963 |
|               |      36      |      0       | 0.7525699138641357 | 3.2852680683135986 |
|               |      37      |      1       | 0.7602782249450684 | 17.13155746459961  |
|               |      38      |      0       | 0.771946907043457  | 3.3146538734436035 |
|               |      39      |      1       | 0.7615106105804443 | 17.064379692077637 |
|               |      40      |      0       | 0.7324960231781006 | 3.2543368339538574 |
|               |      41      |      0       | 0.7473909854888916 | 3.248293161392212  |
|               |      42      |      0       | 0.7917296886444092 | 3.285691499710083  |
|               |      43      |      0       | 0.7742013931274414 | 3.3206634521484375 |
|               |      44      |      0       | 0.7688930034637451 | 3.294245481491089  |
|               |      45      |      0       | 0.7922890186309814 | 3.322903871536255  |
|               |      46      |      0       | 0.7186343669891357 | 3.2782785892486572 |
|               |      47      |      0       | 0.7472066879272461 | 3.245105504989624  |
|               |      48      |      0       | 0.7747588157653809 | 13.258496522903442 |
|               |      49      |      0       | 0.7792148590087891 | 3.327376365661621  |
|               |      50      |      0       | 0.7375833988189697 | 3.267092704772949  |
|               |      51      |      0       |  0.73915696144104  | 3.233349084854126  |
|               |      52      |      0       | 0.7605650424957275 | 3.2405874729156494 |
|               |      53      |      0       | 0.7376635074615479 | 3.1792683601379395 |
|               |      54      |      0       | 0.7655124664306641 | 3.3314871788024902 |
|               |      55      |      0       | 0.7414736747741699 | 3.222236156463623  |
|               |      56      |      0       | 0.7624106407165527 | 3.2241759300231934 |
|               |      57      |      0       | 0.7477402687072754 | 3.377835750579834  |
|               |      58      |      0       | 0.7346823215484619 | 3.180255651473999  |
|               |      59      |      0       | 0.7309799194335938 | 3.220963478088379  |
|               |      60      |      0       | 0.7852215766906738 | 3.2988133430480957 |
|               |      61      |      0       | 0.7560451030731201 | 3.250955104827881  |
|               |      62      |      0       | 0.7636630535125732 | 3.2567648887634277 |
|               |      63      |      1       | 0.7394263744354248 | 7.135483741760254  |
|               |      64      |      0       | 0.7488174438476562 | 3.208944797515869  |
|               |      65      |      0       | 0.7099790573120117 | 3.1877880096435547 |
|               |      66      |      0       | 0.7486605644226074 | 3.238466262817383  |
|               |      67      |      0       | 0.8237814903259277 | 13.277199745178223 |
|               |      68      |      0       | 0.746647834777832  | 3.220236301422119  |
|               |      69      |      1       | 0.7396876811981201 | 7.247474908828735  |
|               |      70      |      0       | 0.7728476524353027 | 3.2628796100616455 |
|               |      71      |      0       | 0.8330349922180176 | 13.280871629714966 |
|               |      72      |      0       | 0.7097065448760986 | 3.1838409900665283 |
|               |      73      |      0       | 0.8103163242340088 | 13.298651695251465 |
|               |      74      |      0       | 0.7523517608642578 | 3.2298872470855713 |
|               |      75      |      0       | 0.8140947818756104 | 3.3120908737182617 |
|               |      76      |      0       | 0.7541923522949219 | 13.235391855239868 |
|               |      77      |      0       | 0.7136120796203613 | 3.213897943496704  |
|               |      78      |      0       | 0.7270545959472656 | 3.174508810043335  |
|               |      79      |      0       | 0.7420871257781982 | 3.1974339485168457 |
|               |      80      |      0       | 0.7330470085144043 | 3.1974077224731445 |
|               |      81      |      0       | 0.7444925308227539 | 3.2102882862091064 |
|               |      82      |      0       | 0.7363643646240234 | 3.2720320224761963 |
|               |      83      |      0       | 0.774031400680542  | 3.2569284439086914 |
|               |      84      |      0       | 0.7301366329193115 | 3.2080318927764893 |
|               |      85      |      0       | 0.7324976921081543 | 3.210040807723999  |
|               |      86      |      0       |  0.71919846534729  | 3.1610379219055176 |
|               |      87      |      0       | 0.7620189189910889 | 3.2421696186065674 |
|               |      88      |      0       | 0.7860949039459229 | 3.2712602615356445 |
|               |      89      |      0       | 0.7553102970123291 | 3.256088972091675  |
|               |      90      |      0       | 0.7481484413146973 | 13.24027132987976  |
|               |      91      |      0       | 0.6906254291534424 | 3.1542229652404785 |
|               |      92      |      0       | 0.7182135581970215 | 13.187804698944092 |
|               |      93      |      0       | 0.7792384624481201 | 13.214019060134888 |
|               |      94      |      0       | 0.7251527309417725 | 13.185977220535278 |
|               |      95      |      0       | 0.7411389350891113 | 3.203640937805176  |
|               |      96      |      0       | 0.7470972537994385 | 3.2071425914764404 |
|               |      97      |      0       | 0.8311071395874023 | 3.3161849975585938 |
|               |      98      |      0       | 0.7710957527160645 | 3.2601728439331055 |
|               |      99      |      0       | 0.7716546058654785 | 3.2340219020843506 |
|               |     100      |      0       | 0.7615492343902588 | 3.2286994457244873 |
|   NAV_3_3_P1  |              | Average time | 0.7542712306976318 | 4.942428960800171  |
|               |              |              |                    |                    |
+---------------+--------------+--------------+--------------------+--------------------++---------------+--------------+--------------+--------------------+--------------------+
| Property name | #Experiments | #Refinements |    XSpeed_Time     |    Overall_time    |
+---------------+--------------+--------------+--------------------+--------------------+
|   NAV_3_4_P1  |              |              |                    |                    |
|               |      1       |      0       | 1.0428528785705566 | 7.237151145935059  |
|               |      2       |      0       | 0.8931539058685303 | 4.007205009460449  |
|               |      3       |      0       | 0.9054913520812988 | 15.588115453720093 |
|               |      4       |      0       | 0.9007582664489746 | 49.59191346168518  |
|               |      5       |      0       | 0.9353530406951904 | 58.079062700271606 |
|               |      6       |      0       | 0.9287693500518799 | 8.614410877227783  |
|               |      7       |      0       | 0.9297540187835693 | 32.81177592277527  |
|               |      8       |      0       | 0.9159703254699707 | 49.500410318374634 |
|               |      10      |      0       | 0.8826773166656494 | 4.602800369262695  |
|               |      11      |      0       | 0.8995475769042969 | 75.19180250167847  |
|               |      12      |      0       | 0.9390640258789062 |  13.7852623462677  |
|               |      13      |      0       | 0.933330774307251  | 13.708170413970947 |
|               |      14      |      0       | 0.8769142627716064 | 24.042380332946777 |
|               |      15      |      0       | 0.9377167224884033 | 13.320473432540894 |
|               |      16      |      0       | 0.8817813396453857 | 35.545270919799805 |
|               |      17      |      0       | 0.9319429397583008 | 7.573028564453125  |
|               |      19      |      0       | 0.9095792770385742 | 23.822133541107178 |
|               |      20      |      0       | 0.9468734264373779 | 28.813159704208374 |
|               |      21      |      1       | 0.9326744079589844 | 28.023716926574707 |
|               |      22      |      0       | 0.9586009979248047 | 22.85509943962097  |
|               |      23      |      1       | 0.9039943218231201 | 72.74860262870789  |
|               |      24      |      0       | 0.9338371753692627 | 30.706326723098755 |
|               |      25      |      0       | 0.9612612724304199 | 50.41916036605835  |
|               |      26      |      1       | 0.8981611728668213 | 81.72902703285217  |
|               |      27      |      0       | 0.9147613048553467 | 5.967452526092529  |
|               |      28      |      0       | 0.8853824138641357 | 9.919785499572754  |
|               |      29      |      0       | 0.9479167461395264 | 17.861363172531128 |
|               |      30      |      0       | 0.9726028442382812 | 79.30129170417786  |
|               |      31      |      0       | 0.949312686920166  | 11.175899744033813 |
|               |      32      |      0       | 0.9339148998260498 |  72.6633951663971  |
|               |      33      |      1       | 0.9537708759307861 |  72.3854615688324  |
|               |      34      |      0       | 0.9804775714874268 | 45.549567222595215 |
|               |      35      |      0       | 0.9530017375946045 | 76.53462290763855  |
|               |      36      |      0       | 0.9203965663909912 | 46.19493532180786  |
|               |      37      |      0       | 0.9603853225708008 | 34.957890033721924 |
|               |      38      |      0       | 0.9404630661010742 | 13.376001358032227 |
|               |      39      |      0       | 0.934666633605957  | 10.490423440933228 |
|               |      40      |      0       | 0.9074497222900391 | 32.88581919670105  |
|               |      41      |      0       | 0.9150786399841309 |  7.35536003112793  |
|               |      42      |      0       | 0.9012489318847656 | 14.460062980651855 |
|               |      43      |      0       | 0.9663047790527344 | 23.465161323547363 |
|               |      44      |      0       | 0.8988368511199951 | 17.260776042938232 |
|               |      45      |      0       | 1.0005991458892822 | 26.425394535064697 |
|               |      46      |      0       | 0.8945372104644775 | 18.956450700759888 |
|               |      47      |      0       | 0.9465498924255371 | 32.79408836364746  |
|               |      48      |      0       | 0.9040591716766357 | 16.120336055755615 |
|               |      49      |      0       | 0.9157958030700684 | 20.30959177017212  |
|               |      50      |      1       | 0.9967958927154541 | 68.50869083404541  |
|               |      51      |      1       | 0.935408353805542  | 61.17602467536926  |
|               |      52      |      2       | 0.9115943908691406 | 43.99328351020813  |
|               |      53      |      0       | 0.9332764148712158 | 30.659724712371826 |
|               |      54      |      0       | 0.9436166286468506 | 13.039984703063965 |
|               |      55      |      0       | 0.9371709823608398 | 3.9664318561553955 |
|               |      56      |      0       | 0.974672794342041  | 10.282863140106201 |
|               |      57      |      0       | 0.9700801372528076 | 8.445775985717773  |
|               |      58      |      0       | 0.9086520671844482 | 19.639986991882324 |
|               |      59      |      0       | 0.9328525066375732 | 10.677877426147461 |
|               |      60      |      0       | 0.9289844036102295 |  5.81161093711853  |
|               |      61      |      0       | 0.9035406112670898 | 36.53515005111694  |
|               |      62      |      0       | 0.9215734004974365 | 13.197415828704834 |
|               |      63      |      0       | 0.9930369853973389 | 36.831183433532715 |
|               |      64      |      1       | 0.9457495212554932 |  77.4699056148529  |
|               |      65      |      0       | 0.9202961921691895 | 46.95144319534302  |
|               |      66      |      0       | 0.9032793045043945 | 6.252633810043335  |
|               |      67      |      0       | 0.942828893661499  |  48.3019015789032  |
|               |      68      |      0       | 0.9285495281219482 | 12.196586847305298 |
|               |      69      |      0       | 0.9164094924926758 | 33.443562507629395 |
|               |      70      |      0       | 0.9767272472381592 | 50.60617399215698  |
|               |      71      |      1       | 0.9264683723449707 | 48.94659185409546  |
|               |      72      |      0       | 0.9158177375793457 | 32.54677987098694  |
|               |      73      |      0       | 0.9945774078369141 | 12.126504182815552 |
|               |      74      |      0       | 0.9267117977142334 | 35.443713426589966 |
|               |      75      |      0       | 0.9272580146789551 | 38.90412473678589  |
|               |      76      |      0       | 0.9606494903564453 | 4.6174633502960205 |
|               |      77      |      0       | 0.8960223197937012 | 17.509188890457153 |
|               |      78      |      0       | 0.9434611797332764 | 5.085264205932617  |
|               |      79      |      0       | 0.9090309143066406 |  35.1116840839386  |
|               |      80      |      0       | 0.9419124126434326 | 53.50779485702515  |
|               |      81      |      0       | 0.9339289665222168 | 26.00286865234375  |
|               |      82      |      0       | 0.919715404510498  | 13.072535276412964 |
|               |      83      |      0       | 0.9156053066253662 | 49.52564764022827  |
|               |      84      |      0       | 0.9653687477111816 | 12.587807655334473 |
|               |      85      |      0       | 0.9430923461914062 | 70.77960681915283  |
|               |      86      |      0       | 0.9303765296936035 | 15.34348440170288  |
|               |      87      |      0       | 0.9667494297027588 |  8.53580355644226  |
|               |      88      |      0       | 0.9244992733001709 | 36.77933740615845  |
|               |      89      |      0       | 0.943117618560791  | 12.307932615280151 |
|               |      90      |      0       | 0.893693208694458  | 26.45202136039734  |
|               |      91      |      1       | 0.9556889533996582 | 92.23229932785034  |
|               |      92      |      0       | 0.9666452407836914 | 18.74469256401062  |
|               |      93      |      1       | 0.9598278999328613 | 80.30893921852112  |
|               |      94      |      0       | 0.952970027923584  | 51.606486558914185 |
|               |      96      |      0       | 0.9265942573547363 | 9.069263458251953  |
|               |      97      |      0       | 0.9160499572753906 | 14.598858833312988 |
|               |      98      |      0       | 0.9098250865936279 | 8.438959836959839  |
|               |      99      |      0       | 0.9076876640319824 | 24.405930280685425 |
|               |     100      |      0       | 0.9803388118743896 | 13.083558797836304 |
|   NAV_3_4_P1  |              | Average time | 0.9335804600076577 | 30.56074329012448  |
|               |              |              |                    |                    |
+---------------+--------------+--------------+--------------------+--------------------++---------------+--------------+--------------+--------------------+--------------------+
| Property name | #Experiments | #Refinements |    XSpeed_Time     |    Overall_time    |
+---------------+--------------+--------------+--------------------+--------------------+
|   NAV_3_3_P1  |              |              |                    |                    |
|               |      1       |      0       | 0.9487507343292236 | 4.566434383392334  |
|               |      2       |      0       | 0.9246745109558105 | 4.121394634246826  |
|               |      3       |      0       | 0.7663960456848145 | 4.082969903945923  |
|               |      4       |      0       | 0.7285056114196777 | 3.2174017429351807 |
|               |      5       |      0       | 0.7549400329589844 | 3.2181999683380127 |
|               |      6       |      0       | 0.7414999008178711 | 3.2043955326080322 |
|               |      7       |      0       | 0.7062418460845947 | 3.1908273696899414 |
|               |      8       |      0       | 0.7182676792144775 | 3.1813430786132812 |
|               |      9       |      0       | 0.7528986930847168 | 3.2502522468566895 |
|               |      10      |      0       | 0.7503941059112549 | 3.2975375652313232 |
|   NAV_3_3_P1  |              | Average time | 0.7792700052261352 | 3.5330910205841066 |
|               |              |              |                    |                    |
+---------------+--------------+--------------+--------------------+--------------------++---------------+--------------+--------------+--------------------+--------------------+
| Property name | #Experiments | #Refinements |    XSpeed_Time     |    Overall_time    |
+---------------+--------------+--------------+--------------------+--------------------+
|   NAV_3_3_P2  |              |              |                    |                    |
|               |      1       |      0       | 0.9587931632995605 |  4.81201434135437  |
|               |      2       |      0       | 0.9389908313751221 | 4.136725425720215  |
|               |      3       |      0       | 0.7702794075012207 | 4.1151111125946045 |
|               |      4       |      0       | 0.7303173542022705 | 3.1602888107299805 |
|               |      5       |      0       | 1.0610570907592773 | 13.515068292617798 |
|               |      6       |      0       | 0.9569029808044434 | 4.546280860900879  |
|               |      7       |      1       | 0.7471539974212646 | 9.142285346984863  |
|               |      8       |      0       | 0.7305581569671631 | 3.4178805351257324 |
|               |      9       |      0       | 0.7298939228057861 | 3.301539897918701  |
|               |      10      |      0       | 0.764951229095459  | 3.531956434249878  |
|   NAV_3_3_P2  |              | Average time | 0.8389017343521118 | 5.3679297924041744 |
|               |              |              |                    |                    |
+---------------+--------------+--------------+--------------------+--------------------++---------------+--------------+--------------+--------------------+--------------------+
| Property name | #Experiments | #Refinements |    XSpeed_Time     |    Overall_time    |
+---------------+--------------+--------------+--------------------+--------------------+
|   NAV_3_3_P2  |              |              |                    |                    |
|               |      1       |      0       | 0.9427328109741211 | 4.850433826446533  |
|               |      2       |      0       | 0.9598617553710938 | 4.636296272277832  |
|               |      3       |      0       | 0.7034971714019775 | 3.842719793319702  |
|               |      4       |      0       | 0.7438621520996094 | 3.3534927368164062 |
|               |      5       |      0       | 1.0739459991455078 | 13.565982818603516 |
|               |      6       |      0       | 0.9407470226287842 | 4.378751993179321  |
|               |      7       |      0       | 0.9131219387054443 | 4.2746336460113525 |
|               |      8       |      0       | 0.7443819046020508 | 4.199543237686157  |
|               |      9       |      0       | 0.7460188865661621 | 3.3222451210021973 |
|               |      10      |      1       | 0.729313850402832  | 7.8863749504089355 |
|               |      11      |      0       | 1.0718095302581787 | 13.581403970718384 |
|               |      12      |      1       | 0.9262158870697021 | 9.896498203277588  |
|               |      13      |      0       | 0.7624068260192871 | 3.4708149433135986 |
|               |      14      |      2       | 0.7925441265106201 | 16.525962591171265 |
|               |      15      |      0       | 0.7366878986358643 | 3.3298044204711914 |
|               |      16      |      0       | 0.7401273250579834 | 3.2584307193756104 |
|               |      17      |      0       | 0.7368936538696289 | 3.238945245742798  |
|               |      18      |      0       | 0.7778217792510986 | 3.3755218982696533 |
|               |      19      |      0       | 0.7121188640594482 | 3.3075013160705566 |
|               |      20      |      0       | 0.7215228080749512 |  3.23626708984375  |
|               |      21      |      0       | 0.7308259010314941 | 3.378079652786255  |
|               |      22      |      0       | 0.7573995590209961 | 3.778707504272461  |
|               |      23      |      0       | 1.1002144813537598 | 13.623318910598755 |
|               |      24      |      0       | 0.9494550228118896 | 4.759370565414429  |
|               |      25      |      0       | 0.9096109867095947 | 4.403537273406982  |
|               |      26      |      0       | 1.0897772312164307 | 14.151044607162476 |
|               |      27      |      2       | 0.7248053550720215 | 31.364686727523804 |
|               |      28      |      0       | 0.7323017120361328 | 3.2239770889282227 |
|               |      29      |      0       | 0.7203519344329834 | 3.229537010192871  |
|               |      30      |      0       | 0.720738410949707  | 3.185145616531372  |
|               |      31      |      0       | 0.7329554557800293 | 3.3309147357940674 |
|               |      32      |      0       | 1.1387321949005127 | 13.662811756134033 |
|               |      33      |      1       | 0.9449822902679443 | 9.968491315841675  |
|               |      34      |      0       | 0.7719676494598389 | 3.479532480239868  |
|               |      35      |      0       |  0.75960373878479  | 3.3749773502349854 |
|               |      36      |      0       | 0.7843234539031982 | 3.3348965644836426 |
|               |      37      |      0       | 0.7789850234985352 | 3.310206651687622  |
|               |      38      |      0       | 0.7805769443511963 | 3.443042039871216  |
|               |      39      |      0       | 0.778292179107666  | 3.5239484310150146 |
|               |      40      |      0       | 0.7307014465332031 | 3.2910687923431396 |
|               |      41      |      0       | 0.7328717708587646 | 3.3995795249938965 |
|               |      42      |      0       | 0.7643239498138428 | 3.680006742477417  |
|               |      43      |      0       | 0.7774901390075684 | 3.478634834289551  |
|               |      44      |      0       | 0.7452330589294434 | 3.3186373710632324 |
|               |      45      |      0       | 0.7284092903137207 | 3.316101312637329  |
|               |      46      |      0       | 0.7547187805175781 | 3.433178663253784  |
|               |      47      |      0       | 0.7076942920684814 | 3.6212074756622314 |
|               |      48      |      1       | 0.7317671775817871 | 7.501342296600342  |
|               |      49      |      0       | 0.6956236362457275 | 3.461212396621704  |
|               |      50      |      0       | 0.7196366786956787 | 3.2369308471679688 |
|               |      51      |      0       | 0.7471022605895996 | 3.425431728363037  |
|               |      52      |      0       | 0.7175588607788086 | 3.2290329933166504 |
|               |      53      |      0       | 0.7247238159179688 | 3.407545566558838  |
|               |      54      |      0       | 0.7718591690063477 | 3.3879449367523193 |
|               |      55      |      0       | 0.7110874652862549 | 3.213991165161133  |
|               |      56      |      0       | 0.7284817695617676 | 3.9173033237457275 |
|               |      57      |      1       | 0.7638058662414551 | 8.618778944015503  |
|               |      58      |      0       | 0.778315544128418  | 3.2960875034332275 |
|               |      59      |      0       | 0.748206377029419  | 3.4146976470947266 |
|               |      60      |      0       | 0.7369811534881592 | 3.2144558429718018 |
|               |      61      |      0       | 0.7269802093505859 | 3.823580026626587  |
|               |      62      |      2       | 0.7376484870910645 | 18.32022714614868  |
|               |      63      |      0       | 0.7986328601837158 | 3.6068015098571777 |
|               |      64      |      0       | 0.755570650100708  |  3.28023362159729  |
|               |      65      |      0       | 0.7576816082000732 | 3.2509894371032715 |
|               |      66      |      0       | 0.7465145587921143 | 3.2962899208068848 |
|               |      67      |      0       | 0.779106616973877  | 3.311584711074829  |
|               |      68      |      0       | 0.681581974029541  | 3.3476204872131348 |
|               |      69      |      1       | 0.7385971546173096 | 7.999415159225464  |
|               |      70      |      0       | 0.7297279834747314 | 3.3322370052337646 |
|               |      71      |      0       | 0.7487597465515137 | 3.243795394897461  |
|               |      72      |      0       | 0.7338173389434814 | 3.2509703636169434 |
|               |      73      |      0       | 0.7284412384033203 | 3.2176015377044678 |
|               |      74      |      0       | 1.0616872310638428 | 13.614410638809204 |
|               |      75      |      0       | 0.9396677017211914 | 4.501336336135864  |
|               |      76      |      0       | 0.937997579574585  | 4.252854108810425  |
|               |      77      |      0       | 0.7286970615386963 | 3.936365842819214  |
|               |      78      |      0       | 0.6893808841705322 | 3.3209004402160645 |
|               |      79      |      0       | 0.7110438346862793 |  3.34108567237854  |
|               |      80      |      1       |  0.73880934715271  |  7.81195855140686  |
|               |      81      |      0       | 0.7544758319854736 | 3.2704391479492188 |
|               |      82      |      0       | 0.7043881416320801 | 3.1614937782287598 |
|               |      83      |      1       | 0.7694525718688965 | 7.634101629257202  |
|               |      84      |      1       | 0.7191851139068604 | 7.474833965301514  |
|               |      85      |      0       | 0.7705566883087158 | 3.2004811763763428 |
|               |      86      |      0       | 0.7406141757965088 | 3.223435878753662  |
|               |      87      |      0       | 0.724799394607544  | 3.3885319232940674 |
|               |      88      |      0       | 0.7022886276245117 | 3.5560696125030518 |
|               |      89      |      0       | 0.7155389785766602 | 3.3763468265533447 |
|               |      90      |      0       | 0.7386956214904785 | 3.3040082454681396 |
|               |      91      |      0       | 0.7346882820129395 | 3.2707362174987793 |
|               |      92      |      0       | 0.7169790267944336 | 3.1932902336120605 |
|               |      93      |      0       | 0.708021879196167  | 3.2203168869018555 |
|               |      94      |      0       | 0.6975882053375244 | 3.144091844558716  |
|               |      95      |      0       | 0.7368357181549072 | 3.2356455326080322 |
|               |      96      |      0       | 0.7413537502288818 | 3.459826946258545  |
|               |      97      |      0       | 0.757967472076416  | 3.2174413204193115 |
|               |      98      |      0       | 0.7059688568115234 | 3.298114061355591  |
|               |      99      |      1       | 0.7234804630279541 | 7.0740745067596436 |
|               |     100      |      0       | 0.7178511619567871 | 3.3882150650024414 |
|   NAV_3_3_P2  |              | Average time | 0.779503185749054  | 5.130741264820099  |
|               |              |              |                    |                    |
+---------------+--------------+--------------+--------------------+--------------------++---------------+--------------+--------------+--------------------+--------------------+
| Property name | #Experiments | #Refinements |    XSpeed_Time     |    Overall_time    |
+---------------+--------------+--------------+--------------------+--------------------+
|   NAV_3_4_P1  |              |              |                    |                    |
|               |      1       |      0       | 0.906747579574585  | 7.627262115478516  |
|               |      2       |      0       | 0.8831417560577393 | 18.102699756622314 |
|               |      3       |      0       | 0.9302802085876465 | 15.279019117355347 |
|               |      4       |      0       | 0.8870213031768799 | 27.34358859062195  |
|               |      5       |      0       | 0.9174139499664307 | 4.400180101394653  |
|               |      6       |      0       | 0.9174485206604004 | 23.14942216873169  |
|               |      7       |      0       | 0.8993909358978271 | 26.820566177368164 |
|               |      8       |      0       | 0.9566822052001953 | 20.295352697372437 |
|               |      9       |      0       | 0.8507342338562012 | 11.76801872253418  |
|               |      10      |      0       | 0.9298477172851562 | 34.446691036224365 |
|               |      11      |      0       | 0.860828161239624  | 31.058568716049194 |
|               |      12      |      0       | 0.8621664047241211 | 40.78163003921509  |
|               |      13      |      0       | 0.877615213394165  | 11.423867225646973 |
|               |      14      |      0       | 0.8812201023101807 | 7.636404037475586  |
|               |      15      |      0       | 0.8743298053741455 | 9.075382232666016  |
|               |      16      |      0       | 0.8883085250854492 | 28.674424648284912 |
|               |      17      |      0       | 0.8832945823669434 | 11.763009548187256 |
|               |      18      |      1       | 0.8965969085693359 | 62.914947509765625 |
|               |      19      |      0       | 0.8917860984802246 | 12.717792272567749 |
|               |      20      |      0       | 0.9858644008636475 | 11.13119888305664  |
|               |      21      |      0       | 0.8739175796508789 | 40.75141263008118  |
|               |      22      |      0       | 0.8783409595489502 | 59.90933918952942  |
|               |      23      |      0       | 0.8964860439300537 | 20.049503803253174 |
|               |      24      |      0       | 0.8994307518005371 | 17.62066340446472  |
|               |      25      |      0       | 0.878084659576416  | 32.92801570892334  |
|               |      26      |      0       | 0.9748528003692627 | 27.570210218429565 |
|               |      27      |      0       | 0.9446706771850586 | 8.664759397506714  |
|               |      28      |      0       | 0.9427690505981445 | 12.892087697982788 |
|               |      29      |      0       | 0.8989336490631104 |  50.6148157119751  |
|               |      30      |      0       | 0.8888430595397949 | 48.354926109313965 |
|               |      31      |      0       | 0.8673815727233887 | 82.34411382675171  |
|               |      32      |      0       | 0.8526997566223145 | 3.5596628189086914 |
|               |      33      |      0       | 0.9197394847869873 | 4.169699430465698  |
|               |      34      |      0       | 0.9008312225341797 | 28.74826669692993  |
|               |      35      |      0       | 0.9181652069091797 |  89.2315685749054  |
|               |      36      |      0       | 0.9302089214324951 | 11.96781611442566  |
|               |      37      |      0       | 0.909487247467041  | 27.513062238693237 |
|               |      38      |      0       | 0.871023416519165  | 5.553027153015137  |
|               |      39      |      0       | 0.8784182071685791 | 14.730535984039307 |
|               |      40      |      0       | 0.9032971858978271 | 19.432022094726562 |
|               |      41      |      0       |  0.89410400390625  | 35.091776609420776 |
|               |      42      |      0       | 0.8653774261474609 | 17.20975422859192  |
|               |      43      |      1       | 0.8907129764556885 | 46.03756928443909  |
|               |      44      |      0       | 0.9240467548370361 | 11.05058741569519  |
|               |      45      |      0       | 0.901763916015625  | 17.697933673858643 |
|               |      46      |      0       | 0.9099814891815186 | 8.403595685958862  |
|               |      47      |      0       | 0.9067556858062744 | 58.94730067253113  |
|               |      48      |      0       | 0.9534518718719482 |  8.34018325805664  |
|               |      49      |      0       | 0.9197044372558594 | 9.419885635375977  |
|               |      51      |      0       | 0.9527943134307861 | 58.459869623184204 |
|               |      52      |      0       | 0.8990590572357178 | 34.860135078430176 |
|               |      53      |      0       | 0.9508569240570068 | 16.272393941879272 |
|               |      54      |      0       | 0.8862338066101074 | 50.44534635543823  |
|               |      55      |      1       | 0.8946847915649414 | 114.91973423957825 |
|               |      56      |      0       | 0.9734196662902832 | 67.13673186302185  |
|               |      57      |      0       | 0.916947603225708  | 20.692766666412354 |
|               |      58      |      0       | 0.8975296020507812 | 5.570214748382568  |
|               |      59      |      0       | 0.9203307628631592 | 5.395340919494629  |
|               |      60      |      1       | 0.8757526874542236 | 77.97079420089722  |
|               |      61      |      0       | 0.9273979663848877 |  4.27081823348999  |
|               |      62      |      0       | 0.9648299217224121 | 20.332709789276123 |
|               |      63      |      0       |  0.90224289894104  | 4.699649095535278  |
|               |      64      |      0       | 0.9002025127410889 | 20.297980070114136 |
|               |      65      |      0       | 0.8914694786071777 | 33.404289960861206 |
|               |      66      |      0       | 0.9035496711730957 | 30.15629768371582  |
|               |      67      |      0       | 0.8815109729766846 | 5.708667278289795  |
|               |      68      |      0       | 0.8792166709899902 | 40.88088846206665  |
|               |      69      |      0       | 0.8911526203155518 | 11.946089744567871 |
|               |      70      |      0       | 0.9368901252746582 | 11.443857669830322 |
|               |      71      |      1       | 0.8950974941253662 | 81.28033638000488  |
|               |      72      |      0       | 0.8638792037963867 |  22.9763240814209  |
|               |      73      |      0       | 0.942049503326416  | 19.034862279891968 |
|               |      74      |      0       | 0.9223489761352539 | 15.615972995758057 |
|               |      76      |      2       | 0.9072656631469727 | 97.87188601493835  |
|               |      77      |      1       | 0.9026923179626465 | 16.58518409729004  |
|               |      78      |      0       | 0.9406037330627441 | 4.231360673904419  |
|               |      79      |      0       | 0.9273569583892822 | 4.471015453338623  |
|               |      80      |      0       | 0.9173591136932373 | 25.619661808013916 |
|               |      81      |      0       | 0.8719558715820312 | 4.333741188049316  |
|               |      82      |      0       | 1.0045270919799805 | 7.201206207275391  |
|               |      83      |      0       | 0.9136207103729248 | 29.208385705947876 |
|               |      84      |      0       | 0.955449104309082  | 43.501301527023315 |
|               |      85      |      0       | 0.913057804107666  | 7.363962173461914  |
|               |      86      |      0       | 0.8854472637176514 | 8.951234579086304  |
|               |      87      |      0       | 0.8974337577819824 | 20.595522165298462 |
|               |      88      |      0       | 1.053196907043457  | 32.84365963935852  |
|               |      89      |      0       | 0.8928768634796143 | 66.39541268348694  |
|               |      90      |      0       | 0.8954966068267822 | 11.608584880828857 |
|               |      91      |      0       | 0.9189662933349609 | 5.720905780792236  |
|               |      92      |      0       | 0.8960537910461426 | 13.388848543167114 |
|               |      93      |      0       | 0.9327685832977295 | 14.794773578643799 |
|               |      94      |      0       | 0.9141662120819092 | 10.523487091064453 |
|               |      95      |      0       | 0.9251713752746582 | 3.9500880241394043 |
|               |      96      |      0       | 0.8768119812011719 | 33.54279446601868  |
|               |      97      |      0       | 0.9800827503204346 | 75.69357967376709  |
|               |      98      |      0       | 0.897484302520752  | 33.657079458236694 |
|               |      99      |      1       | 0.8959400653839111 | 61.156442403793335 |
|               |     100      |      0       | 0.8738303184509277 |  69.9988124370575  |
|   NAV_3_4_P1  |              | Average time | 0.9085126531367399 | 27.67547180701275  |
|               |              |              |                    |                    |
+---------------+--------------+--------------+--------------------+--------------------++---------------+--------------+--------------+--------------------+--------------------+
| Property name | #Experiments | #Refinements |    XSpeed_Time     |    Overall_time    |
+---------------+--------------+--------------+--------------------+--------------------+
|   NAV_3_4_P2  |              |              |                    |                    |
|               |      1       |      3       | 0.9709200859069824 | 127.0635597705841  |
|               |      3       |      1       | 1.0937817096710205 | 10.118691444396973 |
|               |      4       |      0       | 1.1165955066680908 | 3.838625907897949  |
|               |      5       |      0       | 1.0182900428771973 | 3.9499752521514893 |
|               |      6       |      2       | 1.1171026229858398 | 32.51823806762695  |
|               |      10      |      0       | 1.106867790222168  | 4.721246242523193  |
|               |      12      |      0       | 1.0713896751403809 | 3.794097661972046  |
|               |      16      |      2       | 1.0725691318511963 | 32.63172626495361  |
|               |      19      |      1       | 1.0982129573822021 | 10.575814723968506 |
|               |      21      |      3       | 1.0802891254425049 | 128.2875726222992  |
|               |      23      |      0       | 1.0386056900024414 | 3.988145112991333  |
|               |      25      |      0       | 1.061284065246582  | 3.9606618881225586 |
|               |      26      |      0       | 1.0808255672454834 | 3.7882397174835205 |
|               |      27      |      0       | 1.0551538467407227 | 3.739990472793579  |
|               |      28      |      0       | 1.1173207759857178 | 3.930687427520752  |
|               |      30      |      0       | 1.074897289276123  | 4.277886390686035  |
|               |      32      |      2       | 1.0548558235168457 | 27.795213222503662 |
|               |      33      |      0       | 1.0255117416381836 | 3.850750684738159  |
|               |      35      |      1       | 1.1628150939941406 | 11.967937707901001 |
|               |      36      |      1       | 1.0902931690216064 | 11.156052350997925 |
|               |      37      |      0       | 1.0518367290496826 | 4.212919473648071  |
|               |      40      |      0       | 1.0111348628997803 | 3.698667526245117  |
|               |      43      |      0       | 0.9959361553192139 | 3.809018135070801  |
|               |      44      |      0       | 1.062408208847046  | 4.558950185775757  |
|               |      45      |      0       | 1.000859260559082  | 4.146180152893066  |
|               |      46      |      0       | 1.032118558883667  | 3.664926767349243  |
|               |      49      |      1       | 0.9881458282470703 | 10.148690938949585 |
|               |      53      |      0       | 1.9525272846221924 | 7.052889108657837  |
|               |      54      |      2       | 0.9377975463867188 | 36.64075946807861  |
|               |      55      |      1       | 0.9241313934326172 | 12.830870866775513 |
|               |      56      |      2       | 1.083590030670166  | 26.943475246429443 |
|               |      57      |      0       | 0.980668306350708  | 3.9411046504974365 |
|               |      58      |      0       | 1.008925199508667  | 4.1007421016693115 |
|               |      61      |      0       | 1.9167261123657227 | 5.813486814498901  |
|               |      63      |      0       | 1.9058737754821777 | 6.259927272796631  |
|               |      64      |      2       | 1.4523730278015137 | 31.55982279777527  |
|               |      66      |      0       | 1.7331910133361816 |  5.59816837310791  |
|               |      68      |      1       | 0.942697286605835  | 15.338492155075073 |
|               |      70      |      0       | 0.9759666919708252 | 3.736854076385498  |
|               |      71      |      0       | 0.9908690452575684 | 4.513257265090942  |
|               |      75      |      1       | 0.9848029613494873 | 10.87110161781311  |
|               |      76      |      0       | 1.6463854312896729 | 4.520850658416748  |
|               |      78      |      0       | 1.817338466644287  | 5.489656448364258  |
|               |      80      |      0       | 0.9560580253601074 |  4.0459303855896   |
|               |      84      |      2       | 1.054466962814331  | 35.962122440338135 |
|               |      85      |      0       | 1.156285285949707  | 3.8752598762512207 |
|               |      87      |      0       | 0.9768097400665283 | 4.020259618759155  |
|               |      88      |      2       | 1.0605392456054688 |  28.6198947429657  |
|               |      90      |      0       | 1.7536146640777588 | 5.536780834197998  |
|               |      92      |      1       | 1.4303741455078125 | 15.429440021514893 |
|               |      94      |      1       | 1.1845619678497314 | 10.690832376480103 |
|               |      95      |      2       | 0.9901905059814453 | 28.428514003753662 |
|               |      96      |      0       | 0.9647986888885498 | 3.6365556716918945 |
|               |      98      |      0       | 0.954211950302124  | 3.7102622985839844 |
|               |      99      |      0       | 0.9822590351104736 | 3.694488048553467  |
|               |     100      |      1       | 0.971930742263794  | 9.798512697219849  |
|   NAV_3_4_P2  |              | Average time | 1.1489377745560236 | 14.515275210142136 |
|               |              |              |                    |                    |
+---------------+--------------+--------------+--------------------+--------------------+